0,91,90,66,19
0,89,89,147,-107
0,88,88,165,-146
0,84,84,176,-141
0,80,79,177,-152
0,73,72,184,-163
0,63,62,173,-155
0,55,54,174,-125
0,49,48,175,0
0,42,42,135,128
0,42,42,86,160
0,42,42,0,168
0,44,44,0,169
0,45,45,-10,173
0,49,49,-10,172
0,52,53,16,169
0,54,54,95,174
0,50,50,137,151
0,49,49,142,156
0,50,50,118,162
0,50,50,97,165
0,52,52,104,169
0,52,52,123,169
0,51,51,146,167
0,50,50,152,165
0,50,50,128,172
0,50,50,124,167
0,49,49,134,163
0,48,49,95,169
0,49,49,82,171
0,50,50,93,172
0,52,53,82,172
0,53,52,106,166
0,50,50,136,157
0,49,49,123,167
0,43,42,109,167
0,44,44,85,170
0,51,52,85,177
0,61,61,18,162
0,68,69,98,121
0,68,68,150,-18
0,62,62,171,-97
0,55,54,178,-68
0,47,46,172,46
0,42,42,123,115
0,45,46,78,149
0,51,52,-18,152
0,54,55,54,158
0,56,56,121,131
0,55,55,148,107
0,53,52,163,104
0,51,51,161,116
0,51,51,133,147
0,49,48,133,162
0,48,48,124,164
0,50,51,80,167
0,53,54,84,168
0,55,55,123,138
0,54,53,154,117
0,50,50,159,128
0,51,51,118,150
0,51,52,108,162
0,53,54,129,162
0,55,55,152,149
0,54,53,171,140
0,53,53,172,153
0,51,50,157,163
0,48,49,140,170
0,51,51,88,179
0,53,54,99,172
0,54,54,123,158
0,55,55,149,141
0,55,56,164,141
0,54,54,169,141
0,54,53,173,138
0,53,53,172,158
0,53,53,161,168
0,53,53,166,169
0,54,54,164,173
0,55,55,168,167
0,55,55,167,129
0,53,53,167,120
0,53,53,165,143
0,51,51,162,158
0,50,50,154,164
0,51,51,131,167
0,53,53,128,173
0,54,54,152,160
0,55,54,171,142
0,55,55,176,145
0,53,53,182,136
0,51,51,172,159
0,53,53,146,168
0,53,53,146,168
0,57,57,140,159
0,69,71,159,128
0,91,93,162,18
0,96,96,166,-53
0,97,97,171,-139
0,95,95,164,-143
0,95,95,170,-142
0,95,96,172,-159
0,95,95,169,-168
0,92,92,168,-160
0,91,91,171,-155
0,90,90,169,-163
0,89,89,165,-159
0,89,89,169,-157
0,90,90,176,-158
0,91,91,173,-157
0,91,91,174,-162
0,91,91,179,-153
0,91,91,182,-154
0,90,90,185,-153
0,88,88,186,-146
0,87,87,191,-156
0,86,85,195,-153
0,84,84,192,-156
0,82,82,193,-159
0,80,80,197,-151
0,76,76,197,-153
0,74,74,197,-153
0,72,72,190,-152
0,69,69,191,-154
0,65,64,193,-124
0,72,73,195,-62
0,78,78,197,-80
0,76,75,192,-123
0,63,63,193,-119
0,61,62,190,-69
0,70,72,179,0
0,78,78,181,-35
0,74,73,179,-95
0,68,67,182,-126
0,61,61,182,-112
0,61,61,180,-85
0,64,64,181,-21
0,67,67,184,-15
0,68,68,179,-33
0,63,63,181,-71
0,61,61,182,-59
0,62,63,180,-15
0,65,65,175,-9
0,65,65,182,-9
0,64,64,186,-3
0,65,65,187,0
0,66,66,187,0
0,66,66,185,-2
0,65,65,192,-2
0,65,65,194,0
0,65,65,189,0
0,65,64,187,0
0,63,63,186,0
0,62,62,189,0
0,61,61,184,0
0,59,59,179,0
0,57,57,177,0
0,55,55,182,3
0,53,53,177,7
0,51,51,174,86
0,52,53,132,157
0,57,58,133,137
0,63,63,160,93
0,64,64,177,68
0,62,61,177,17
0,60,60,183,4
0,58,57,187,4
0,55,55,181,3
0,53,53,178,49
0,51,51,182,89
0,52,52,179,135
0,54,55,161,149
0,57,57,167,149
0,59,59,176,133
0,58,58,187,73
0,56,56,190,54
0,54,54,197,54
0,54,54,191,83
0,54,54,183,128
0,55,56,185,144
0,56,56,192,143
0,56,56,187,119
0,55,55,193,110
0,55,54,191,108
0,54,54,187,125
0,53,53,186,145
0,55,55,181,156
0,56,56,190,142
0,56,56,190,124
0,55,55,192,106
0,54,54,192,101
0,53,53,184,116
0,52,52,168,140
0,53,53,173,151
0,53,54,177,155
0,54,54,178,151
0,54,54,180,150
0,54,53,175,145
0,51,51,171,149
0,49,49,160,159
0,47,47,121,170
0,48,48,75,173
0,53,53,53,172
0,58,58,91,160
0,62,61,122,90
0,61,61,150,69
0,57,57,160,20
0,51,50,157,8
0,48,48,124,116
0,54,55,68,144
0,60,61,132,120
0,74,76,177,0
0,86,87,174,-144
0,88,88,171,-148
0,87,87,180,-141
0,84,84,174,-157
0,85,86,164,-157
0,88,88,173,-159
0,89,89,173,-155
0,86,86,172,-150
0,85,85,169,-159
0,85,85,172,-156
0,83,83,177,-152
0,82,82,169,-153
0,83,83,172,-152
0,82,82,179,-157
0,80,80,182,-152
0,80,80,176,-155
0,79,80,180,-156
0,79,79,181,-155
0,77,77,183,-159
0,76,75,184,-154
0,74,74,188,-154
0,72,72,185,-150
0,69,69,191,-152
0,66,66,201,-146
0,66,66,196,-99
0,74,75,202,-44
0,80,80,201,-77
0,83,83,206,-96
0,81,80,205,-124
0,78,78,201,-135
0,76,76,198,-147
0,75,75,197,-150
0,70,69,199,-150
0,64,64,197,-146
0,65,65,193,-83
0,69,69,196,-44
0,74,74,197,-40
0,76,76,197,-86
0,67,66,197,-134
0,60,60,190,-129
0,64,65,195,-129
0,68,69,198,-23
0,71,70,197,-59
0,69,68,193,-94
0,62,62,192,-97
0,59,59,190,-72
0,60,60,189,-17
0,63,63,189,13
0,66,66,190,13
0,69,69,188,5
0,70,69,182,-65
0,65,65,176,-94
0,62,62,183,-72
0,59,59,185,-54
0,59,59,174,-54
0,61,61,173,-5
0,61,61,182,4
0,60,60,179,4
0,60,60,174,6
0,60,60,170,11
0,60,60,175,11
0,61,61,185,6
0,59,59,186,6
0,58,58,181,2
0,57,57,180,2
0,56,56,180,47
0,54,54,172,78
0,63,64,161,127
0,71,71,170,39
0,72,71,172,-78
0,61,60,173,-121
0,52,51,167,-21
0,48,48,122,118
0,50,50,90,167
0,58,58,115,163
0,63,63,139,118
0,66,66,161,27
0,65,65,174,-19
0,60,60,175,-38
0,56,55,175,-15
0,52,51,175,28
0,49,48,160,107
0,49,49,125,148
0,52,53,90,159
0,57,58,107,156
0,61,61,146,121
0,57,56,167,69
0,49,49,164,14
0,47,47,121,53
0,53,54,49,157
0,61,61,101,142
0,61,60,151,50
0,57,57,176,50
0,52,52,171,22
0,52,52,141,106
0,54,54,123,145
0,57,57,157,154
0,58,58,169,111
0,57,55,181,60
0,52,52,175,51
0,50,49,151,88
0,46,46,126,129
0,39,38,83,149
0,34,33,0,159
0,30,30,-47,166
0,26,26,-161,169
0,26,26,-172,164
0,28,28,-173,166
0,31,32,-182,176
0,33,33,-189,169
0,34,34,-188,158
0,37,37,-195,165
0,40,40,-188,164
0,43,43,-133,161
0,38,38,-82,159
0,29,28,-62,155
0,25,24,-104,154
0,26,26,-135,158
0,29,29,-159,156
0,32,32,-176,153
0,35,35,-181,149
0,46,46,-167,152
0,46,46,-79,153
0,28,27,22,155
0,19,19,-54,152
0,19,19,-98,158
0,22,22,-137,157
0,25,25,-159,152
0,28,29,-169,153
0,32,33,-174,162
0,38,38,-183,164
0,46,46,-135,163
0,43,43,-64,166
0,32,32,-17,167
0,28,27,-43,166
0,28,28,-96,168
0,31,31,-136,168
0,36,37,-162,170
0,41,41,-159,175
0,44,44,-116,172
0,42,41,-63,169
0,37,36,-34,171
0,34,34,-90,172
0,37,38,-129,175
0,46,46,-142,169
0,47,46,-83,168
0,39,39,0,169
0,34,34,0,163
0,33,33,-95,162
0,37,38,-128,173
0,43,43,-142,171
0,44,44,-84,168
0,42,42,-69,171
0,38,37,-22,167
0,38,38,-75,167
0,41,41,-99,169
0,42,42,-79,171
0,42,42,-57,170
0,41,41,-32,167
0,41,41,-24,171
0,43,43,-27,172
0,45,45,-46,172
0,46,46,-52,175
0,45,44,-18,173
0,43,43,0,173
0,43,43,0,173
0,44,44,-11,175
0,45,45,-11,169
0,46,46,-12,170
0,46,46,-6,171
0,46,46,0,173
0,46,46,0,174
0,47,47,8,173
0,47,47,15,168
0,48,48,28,169
0,47,47,66,168
0,47,47,67,167
0,48,47,54,165
0,47,47,48,171
0,47,47,67,174
0,47,47,65,170
0,46,46,52,170
0,47,47,43,165
0,47,47,31,168
0,49,49,44,164
0,49,49,64,164
0,47,47,83,166
0,37,36,57,171
0,30,29,0,166
0,25,24,-85,166
0,21,21,-158,167
0,25,25,-167,165
0,25,25,-177,169
0,26,26,-190,172
0,24,24,-197,163
0,24,25,-191,167
0,24,24,-192,173
0,23,23,-194,175
0,24,24,-188,173
0,25,25,-191,179
0,26,26,-199,182
0,24,24,-199,178
0,22,22,-202,176
0,21,21,-198,180
0,25,25,-194,180
0,28,28,-197,182
0,32,33,-197,174
0,38,38,-194,178
0,42,42,-178,178
0,41,41,-129,178
0,36,35,-78,174
0,29,28,-91,174
0,26,26,-130,176
0,27,27,-155,175
0,31,31,-170,181
0,33,34,-186,175
0,35,35,-191,171
0,40,40,-181,177
0,43,43,-134,180
0,36,35,-53,171
0,27,27,-80,176
0,33,34,-159,175
0,39,40,-184,173
0,47,47,-160,180
0,46,45,-129,183
0,39,37,15,178
0,22,20,75,173
0,15,15,-30,179
0,15,15,-146,169
0,19,19,-162,164
0,24,25,-181,170
0,33,34,-186,170
0,43,44,-180,170
0,48,48,-146,177
0,46,45,-97,182
0,41,40,-7,177
0,37,36,-23,171
0,38,38,-86,173
0,42,42,-116,173
0,46,46,-77,174
0,47,46,-77,179
0,44,43,0,177
0,37,36,0,172
0,38,38,-57,169
0,42,43,-104,171
0,47,47,-87,171
0,49,49,-74,173
0,48,48,0,170
0,49,49,56,177
0,47,47,61,177
0,46,46,81,170
0,44,44,61,171
0,40,40,44,169
0,41,40,0,169
0,38,38,-70,172
0,39,40,-89,175
0,46,46,-111,170
0,48,48,-88,171
0,48,48,0,179
0,50,50,54,173
0,49,49,60,171
0,50,49,84,179
0,47,46,89,181
0,45,45,82,175
0,44,44,63,166
0,45,45,20,175
0,46,46,16,174
0,48,49,16,171
0,49,49,11,171
0,49,49,66,175
0,47,48,72,171
0,47,47,65,165
0,47,47,65,169
0,48,49,52,167
0,49,49,52,166
0,50,50,77,167
0,50,50,86,164
0,49,49,97,167
0,49,48,103,168
0,49,49,87,164
0,49,50,74,164
0,50,50,91,164
0,49,49,99,161
0,49,49,104,162
0,49,49,90,162
0,48,49,88,165
0,49,49,68,167
0,50,51,68,164
0,51,50,97,163
0,51,50,117,163
0,51,51,110,164
0,51,51,115,165
0,50,50,130,168
0,49,49,129,169
0,47,47,123,170
0,48,48,91,175
0,49,50,69,170
0,51,51,85,168
0,52,52,99,164
0,52,52,116,165
0,52,52,137,161
0,52,52,142,163
0,53,54,149,168
0,55,55,161,168
0,56,56,173,155
