21,-2,2
21,-88,89
22,-165,126
28,-177,145
33,-189,143
38,-196,151
43,-182,156
47,-128,157
49,-89,164
50,-18,165
53,78,159
55,146,160
55,175,143
55,191,127
55,194,120
54,206,126
53,216,121
51,209,140
50,180,148
50,147,160
50,136,164
50,132,171
51,121,167
51,114,167
52,127,173
51,139,175
52,141,174
52,134,174
50,153,178
51,132,172
51,115,167
51,126,177
51,130,175
52,124,174
53,127,172
53,147,173
52,157,168
51,162,165
51,155,168
51,141,173
51,138,175
51,137,175
51,129,171
51,128,172
51,136,175
51,132,172
51,134,175
51,152,177
51,147,178
51,152,178
50,139,179
49,138,183
47,127,180
45,83,177
45,62,181
49,52,179
52,28,175
54,48,168
56,140,145
58,173,124
57,188,88
54,195,86
53,199,96
51,192,106
51,167,138
50,159,152
50,148,162
51,130,163
52,122,166
52,136,165
52,152,169
51,149,170
52,136,171
52,139,177
51,155,177
50,154,172
51,128,172
51,118,171
50,132,178
50,132,171
51,120,169
53,132,171
53,153,172
53,175,165
54,171,162
54,179,153
53,192,150
51,194,144
50,159,160
49,152,167
48,133,174
48,110,172
49,82,171
49,79,169
49,93,169
49,87,171
50,91,166
51,106,168
52,114,170
51,133,167
49,138,165
48,126,169
48,109,169
47,78,171
48,74,168
50,62,169
52,64,171
54,116,166
54,158,154
54,173,159
53,181,155
51,169,165
49,162,167
48,137,166
48,108,172
48,82,172
49,68,167
49,67,165
49,80,166
50,94,162
49,104,158
48,90,161
48,89,159
47,62,155
47,47,158
47,35,157
47,30,161
48,26,159
48,40,159
48,38,157
48,40,160
47,53,163
47,51,158
47,47,164
47,39,164
47,37,167
48,37,164
48,35,170
49,42,167
49,53,168
50,69,164
50,82,164
50,90,166
50,105,165
49,109,169
48,105,167
46,85,165
46,63,165
46,51,161
46,35,161
47,27,157
48,20,160
49,20,156
49,17,158
49,53,156
49,70,157
49,80,157
49,82,163
49,82,159
49,84,161
49,84,161
48,79,164
47,59,165
48,53,165
49,52,162
49,59,160
49,73,160
49,86,159
48,82,157
48,81,157
46,72,161
43,51,160
42,51,164
41,0,159
40,-48,160
39,-80,159
39,-83,160
42,-93,164
45,-86,162
45,-68,166
45,-68,161
44,-14,160
44,-14,161
44,-4,166
44,0,163
44,0,157
44,2,163
44,2,163
44,0,163
44,0,160
44,0,161
44,0,162
45,0,160
45,0,159
46,0,161
46,0,158
46,3,160
46,3,164
46,8,155
46,14,151
45,12,156
44,24,160
43,13,164
42,0,158
42,-13,158
41,-24,154
42,-28,163
43,-36,154
43,-34,154
43,-15,154
43,-15,154
43,-15,161
44,-7,160
44,-2,159
45,-2,153
45,0,158
45,0,161
45,0,165
46,0,163
46,2,165
46,2,168
46,2,164
47,2,166
47,8,166
47,43,164
47,43,164
48,48,161
48,59,165
49,74,162
47,81,161
46,69,158
45,55,160
45,37,156
46,37,158
46,37,161
46,15,159
46,7,163
47,7,160
48,2,159
49,2,160
49,14,158
49,63,161
48,76,157
45,79,161
44,63,162
42,53,165
42,0,164
43,0,162
43,-9,160
43,-18,158
43,-19,162
43,-26,162
44,-24,162
44,-11,157
43,-11,158
43,-4,156
42,-4,156
42,0,158
42,0,156
41,0,159
41,-24,157
42,-55,162
45,-55,159
46,-17,162
48,0,162
51,33,158
53,87,159
53,163,161
49,170,158
45,143,160
35,97,160
29,0,164
25,-110,165
23,-166,162
27,-174,157
36,-179,162
44,-168,164
47,-127,159
43,-28,152
38,-28,159
36,-14,160
39,-110,156
44,-118,161
44,-69,160
44,-53,160
42,-31,158
42,-31,161
42,-14,162
42,-14,156
42,-6,158
43,-6,156
44,2,161
45,2,158
46,2,160
47,2,159
48,2,160
50,7,160
51,71,157
52,92,159
52,133,158
48,157,158
47,122,160
46,97,165
42,71,166
36,19,170
32,-44,167
25,-138,165
20,-176,168
26,-179,166
31,-182,168
38,-189,167
42,-166,164
43,-118,163
39,-60,165
38,-46,164
38,-84,159
40,-99,163
43,-101,166
43,-66,167
42,-49,165
42,-32,161
40,-12,160
38,-10,163
40,-43,164
41,-71,164
41,-64,159
42,-53,165
42,-36,164
42,-36,168
42,-26,163
42,-21,163
42,-16,162
43,-17,161
42,-18,167
42,-12,163
42,-12,164
40,-7,159
40,-8,158
41,-47,159
42,-61,157
42,-51,161
42,-41,158
42,-17,162
42,-17,167
42,-8,162
42,-8,166
42,-3,162
41,-3,160
40,0,163
40,-2,163
41,-13,164
42,-52,164
42,-50,162
44,-36,162
44,-36,159
44,-12,162
44,-12,163
45,-4,166
44,-4,161
44,0,161
42,0,164
40,2,160
37,-2,160
35,-39,156
34,-98,159
35,-144,157
39,-165,160
42,-152,157
41,-119,164
38,-66,165
33,-71,160
31,-108,157
34,-152,160
39,-177,169
46,-175,162
46,-135,159
43,-28,159
39,-28,166
37,-11,162
38,-75,160
40,-92,165
43,-88,166
44,-61,167
45,-42,165
45,-19,174
45,0,177
45,0,175
45,4,173
46,4,167
46,4,168
46,4,173
46,4,174
46,13,169
46,16,167
47,33,170
47,22,166
48,29,166
48,44,162
48,59,163
48,63,164
47,62,161
47,54,163
47,50,161
46,48,164
47,42,159
46,42,155
44,41,152
41,38,161
38,11,161
35,-63,164
33,-99,159
32,-163,159
37,-172,160
39,-175,160
43,-172,163
46,-141,159
46,-74,159
46,-74,162
46,0,167
46,12,166
49,17,160
53,28,159
57,96,146
58,151,94
56,171,61
56,198,66
57,213,59
58,219,54
59,217,49
60,216,41
62,217,41
63,212,16
64,213,16
65,210,0
66,205,0
66,204,-5
66,203,-5
67,199,-5
67,199,-5
67,191,-5
67,194,-5
66,196,-2
66,192,-2
67,191,0
66,188,0
66,185,0
67,184,0
67,184,0
67,192,0
67,189,-2
67,187,-6
68,184,-13
68,192,-28
68,196,-62
68,193,-83
69,196,-74
69,195,-59
68,194,-73
69,199,-86
69,187,-71
69,186,-72
69,183,-80
69,184,-91
69,188,-88
69,185,-83
69,182,-93
70,185,-90
69,179,-88
69,186,-103
69,185,-92
69,183,-84
69,192,-93
69,186,-89
69,185,-77
69,177,-80
69,173,-81
69,169,-74
69,165,-68
70,178,-79
69,186,-89
68,196,-96
67,199,-88
67,199,-80
67,193,-66
68,193,-48
68,194,-33
68,198,-28
68,204,-26
68,205,-39
68,205,-47
68,198,-52
68,200,-50
68,199,-47
68,196,-41
68,199,-45
68,191,-50
68,190,-54
67,197,-50
67,190,-44
68,191,-35
69,187,-30
69,191,-48
69,189,-73
70,186,-88
70,184,-109
71,190,-112
71,187,-126
71,188,-131
72,188,-133
72,191,-137
72,194,-140
72,188,-140
73,191,-146
74,189,-145
73,189,-143
74,192,-140
74,194,-141
74,187,-145
74,190,-144
74,190,-148
73,193,-143
74,198,-147
74,195,-150
74,197,-145
73,209,-151
73,209,-144
73,208,-148
72,213,-140
72,207,-140
71,207,-131
69,205,-132
67,203,-124
66,199,-93
65,199,-66
66,197,-48
66,194,-34
67,193,-25
67,198,-22
67,195,-26
66,195,-37
67,197,-43
66,194,-37
65,194,-30
63,199,-30
61,192,-13
60,191,-13
59,199,-7
58,197,0
59,194,2
58,192,2
55,194,2
49,194,2
43,171,13
39,99,93
39,99,140
36,0,151
33,-70,156
31,-126,165
34,-168,167
40,-163,174
41,-122,180
43,-76,188
46,-60,184
46,-52,171
44,-16,173
41,-16,180
39,-10,181
39,-68,176
41,-90,172
42,-76,176
43,-55,175
43,-44,171
41,-44,170
41,-24,166
41,-23,165
42,-35,161
42,-36,164
42,-29,162
43,-26,162
44,-22,164
46,-22,156
47,-12,154
42,43,153
39,43,157
37,-17,157
39,-108,152
44,-115,159
49,-64,149
42,130,142
37,75,152
34,-166,157
56,-138,153
60,46,135
57,170,81
34,145,20
27,29,12
26,-94,90
30,-147,117
41,-182,124
54,-160,133
57,-28,116
60,84,58
56,165,50
36,166,49
26,93,96
21,-43,125
19,-128,137
20,-174,152
33,-177,147
48,-165,158
53,-92,159
49,59,128
39,121,136
28,145,150
25,25,156
22,-50,154
22,-164,159
31,-175,159
38,-169,159
47,-131,162
48,-117,154
46,-27,154
43,0,159
42,0,160
41,5,156
40,-32,154
39,-56,154
40,-60,159
41,-63,161
40,-65,156
40,-65,157
39,-66,154
39,-82,160
39,-82,155
39,-84,155
39,-77,154
40,-90,160
40,-89,162
39,-76,159
38,-75,159
38,-97,159
40,-105,164
41,-90,163
42,-71,170
39,-41,172
38,-79,172
37,-96,171
39,-138,169
41,-132,165
42,-91,169
43,-52,171
43,-52,169
43,-31,163
43,-31,162
42,-14,162
42,-11,161
42,-12,159
42,-24,159
42,-33,165
40,-25,161
40,-24,162
40,-44,163
40,-65,164
41,-67,166
41,-59,161
42,-51,163
42,-51,165
42,-44,166
42,-31,168
42,-29,164
42,-24,163
41,-23,160
41,-31,164
42,-49,161
42,-43,163
42,-37,164
43,-29,161
43,-29,162
42,-17,157
41,-17,160
41,-14,159
40,-7,164
40,-13,159
41,-45,162
42,-51,165
42,-45,164
43,-42,166
42,-42,162
42,-18,164
42,-13,165
42,-12,167
43,-10,167
43,-10,164
43,-10,167
44,-4,163
44,-4,166
45,0,163
45,0,164
45,3,166
45,3,168
46,3,165
46,2,162
47,2,167
49,7,163
49,16,163
50,78,159
51,100,159
48,113,160
47,109,163
46,73,155
46,62,160
46,52,165
48,34,161
49,39,158
49,74,152
49,81,159
49,88,157
45,94,156
40,67,156
36,0,158
33,-84,158
35,-171,158
46,-147,161
49,-115,167
47,-22,165
44,34,161
39,34,162
36,0,172
38,-48,170
42,-128,166
45,-93,167
45,-54,169
45,-54,170
46,-12,165
46,-12,167
46,-3,166
47,11,165
46,60,157
45,61,153
43,44,159
42,44,157
42,12,161
42,0,157
42,-20,160
42,-43,158
43,-44,159
42,-41,156
43,-41,158
43,-17,160
43,-17,160
44,-7,159
44,-7,154
44,0,155
44,0,150
43,0,145
42,0,147
42,0,149
41,0,151
41,-3,152
42,-7,152
39,-6,148
33,-21,144
32,-90,136
32,-130,133
28,-172,129
28,-189,128
28,-196,129
35,-201,122
57,-184,117
56,-31,97
56,34,33
56,156,29
54,191,61
