0,96,96,37,-31
0,95,95,133,-136
0,94,94,153,-145
0,91,90,173,-147
0,87,86,184,-161
0,81,80,177,-165
0,71,71,178,-166
0,64,64,175,-132
0,50,48,177,-72
0,31,30,153,38
0,28,29,0,115
0,29,30,-95,160
0,37,38,-160,157
0,49,49,-143,154
0,51,52,0,152
0,55,55,78,155
0,55,55,154,142
0,49,49,170,133
0,47,47,148,152
0,45,45,75,162
0,44,44,58,164
0,46,47,58,170
0,50,50,16,160
0,52,52,37,161
0,51,51,95,167
0,50,50,113,168
0,49,49,113,160
0,49,49,106,169
0,51,51,94,172
0,52,52,106,167
0,51,51,120,168
0,51,51,125,169
0,52,52,145,173
0,52,52,150,173
0,50,50,149,173
0,48,48,134,172
0,49,49,96,174
0,50,51,97,172
0,53,53,102,173
0,53,52,123,168
0,49,49,147,145
0,50,50,119,155
0,43,43,90,166
0,38,39,19,167
0,46,48,-72,165
0,65,65,0,131
0,69,69,68,27
0,70,70,150,-54
0,71,70,162,-85
0,62,61,167,-119
0,52,52,174,-95
0,48,47,151,20
0,41,41,117,124
0,42,43,91,156
0,49,49,-38,153
0,54,55,54,160
0,55,55,103,154
0,56,56,143,119
0,52,52,162,110
0,52,51,148,144
0,48,48,138,159
0,48,49,91,168
0,53,53,63,166
0,56,56,98,165
0,57,56,146,153
0,56,56,162,110
0,55,55,177,116
0,56,56,181,121
0,54,54,175,109
0,53,53,172,116
0,53,54,166,151
0,53,53,165,156
0,54,54,165,153
0,55,55,164,163
0,53,53,165,146
0,49,49,161,137
0,50,50,121,155
0,52,53,99,169
0,55,55,109,168
0,54,54,146,140
0,54,54,167,129
0,53,53,170,150
0,52,52,163,157
0,51,51,161,165
0,52,52,139,169
0,53,53,144,171
0,53,53,156,175
0,53,53,169,160
0,53,53,174,155
0,51,51,172,165
0,52,52,165,167
0,50,50,141,172
0,49,49,132,180
0,51,52,112,172
0,55,55,105,159
0,55,55,166,120
0,49,49,171,105
0,45,45,137,149
0,49,49,51,162
0,55,55,32,168
0,63,63,99,145
0,60,59,141,74
0,63,64,170,20
0,72,73,175,5
0,80,80,177,-87
0,82,82,176,-146
0,81,81,181,-150
0,82,82,181,-154
0,81,80,174,-166
0,77,77,169,-163
0,75,75,172,-154
0,75,75,167,-160
0,72,72,163,-162
0,67,67,169,-157
0,67,67,166,-123
0,69,69,165,-84
0,68,68,167,-96
0,66,66,165,-96
0,68,68,170,-58
0,70,70,173,-37
0,66,66,165,-73
0,64,65,163,-70
0,71,71,172,-28
0,66,64,164,-68
0,66,68,172,-75
0,75,75,180,-32
0,73,73,172,-72
0,68,68,165,-95
0,73,73,181,-77
0,80,80,182,-87
0,80,80,180,-109
0,79,79,184,-135
0,82,83,195,-133
0,86,86,195,-147
0,88,88,190,-152
0,89,89,193,-156
0,92,92,193,-152
0,95,96,187,-155
0,97,97,188,-162
0,99,99,188,-158
0,100,100,187,-155
0,100,100,184,-161
0,100,100,184,-159
0,100,100,181,-156
0,100,100,185,-154
0,100,100,189,-161
0,100,100,191,-161
0,100,100,195,-158
0,100,100,188,-164
0,97,96,192,-157
0,92,92,196,-160
0,86,85,193,-155
0,77,76,199,-156
0,68,67,193,-155
0,60,59,194,-129
0,57,57,201,-80
0,58,58,204,17
0,59,59,195,39
0,61,61,199,36
0,60,60,207,37
0,59,59,206,32
0,58,58,202,15
0,57,57,206,13
0,55,55,200,12
0,56,56,199,63
0,57,58,193,100
0,63,64,188,99
0,68,68,187,84
0,69,69,187,0
0,68,67,186,-92
0,60,59,183,-86
0,54,54,181,-7
0,53,53,161,93
0,52,52,172,139
0,52,53,156,160
0,56,56,150,154
0,60,60,159,129
0,63,64,171,85
0,64,64,182,85
0,61,61,180,22
0,59,59,174,22
0,56,56,174,8
0,53,53,175,17
0,51,51,172,92
0,50,50,147,138
0,52,53,121,157
0,57,57,133,167
0,59,59,154,136
0,59,59,171,91
0,57,56,176,55
0,55,55,177,66
0,54,54,178,106
0,54,54,164,154
0,57,57,162,150
0,57,57,173,116
0,56,56,177,78
0,55,55,184,83
0,53,53,181,115
0,53,53,180,133
0,54,54,184,158
0,53,53,184,169
0,54,54,179,176
0,57,57,182,170
0,56,56,184,124
0,54,54,190,99
0,53,53,190,118
0,53,52,182,133
0,53,53,179,150
0,52,53,187,163
0,54,54,184,167
0,54,54,179,163
0,53,53,178,150
0,53,53,186,154
0,53,53,176,162
0,53,52,173,161
0,49,49,165,165
0,45,45,132,175
0,43,44,90,178
0,49,50,39,172
0,55,56,29,166
0,61,61,88,136
0,62,62,137,59
0,59,58,163,59
0,56,56,168,18
0,52,52,170,15
0,50,50,160,100
0,53,53,132,135
0,53,53,130,152
0,55,56,163,135
0,65,67,178,126
0,83,85,186,28
0,94,94,188,-65
0,97,97,188,-125
0,98,98,184,-141
0,98,98,182,-145
0,97,97,180,-153
0,97,97,173,-162
0,97,98,172,-158
0,98,97,174,-150
0,97,97,176,-159
0,97,97,174,-160
0,96,96,170,-155
0,96,96,170,-154
0,97,97,171,-153
0,96,96,181,-156
0,95,95,178,-154
0,95,95,179,-154
0,95,95,176,-160
0,95,95,179,-153
0,93,93,185,-153
0,92,92,182,-157
0,91,91,181,-157
0,88,88,189,-155
0,84,83,184,-166
0,80,79,188,-159
0,71,70,192,-157
0,61,61,191,-97
0,76,77,198,-25
0,84,84,197,-68
0,84,84,199,-101
0,80,79,207,-131
0,73,72,199,-147
0,68,67,196,-153
0,61,61,196,-138
0,61,62,194,-78
0,68,69,197,-24
0,75,76,194,-12
0,76,76,186,-69
0,74,72,192,-100
0,64,63,194,-120
0,62,62,192,-70
0,63,63,191,-56
0,65,65,191,-44
0,67,67,195,-44
0,68,68,195,-16
0,65,65,195,-44
0,65,65,190,-50
0,65,65,192,-50
0,66,66,189,-16
0,66,66,181,-16
0,65,65,182,-29
0,63,63,188,-30
0,63,63,184,-14
0,63,62,181,-14
0,62,62,186,-7
0,63,63,189,-7
0,63,62,195,-2
0,62,62,193,0
0,62,62,192,0
0,61,61,187,0
0,60,60,187,0
0,60,60,184,0
0,59,59,180,2
0,57,57,181,5
0,56,56,179,27
0,53,53,178,82
0,52,52,171,111
0,59,60,168,139
0,65,65,171,128
0,68,68,170,128
0,69,69,180,0
0,66,66,179,-94
0,59,59,173,-67
0,56,56,176,-20
0,52,52,170,80
0,48,48,159,117
0,49,49,121,151
0,55,55,86,162
0,60,61,124,135
0,63,63,140,79
0,61,61,165,79
0,56,56,169,21
0,52,52,167,42
0,51,52,164,91
0,54,54,138,134
0,54,54,160,134
0,56,57,170,132
0,57,57,174,121
0,57,56,177,85
0,55,55,180,84
0,53,53,184,101
0,53,53,169,127
0,56,56,160,150
0,56,56,171,140
0,56,56,179,115
0,55,55,183,103
0,54,54,184,94
0,54,53,178,97
0,54,54,180,131
0,53,53,180,145
0,54,54,176,142
0,54,54,170,149
0,46,45,173,145
0,30,27,139,162
0,14,13,0,162
0,10,10,-102,166
0,9,9,-159,171
0,10,10,-168,166
0,10,10,-178,168
0,10,10,-197,168
0,10,10,-197,166
0,11,11,-197,169
0,12,12,-196,169
0,14,14,-198,168
0,16,17,-200,163
0,22,22,-200,157
0,27,27,-199,162
0,34,35,-198,159
0,41,41,-185,152
0,43,43,-131,156
0,38,38,-70,152
0,30,29,-73,155
0,26,26,-106,157
0,30,30,-146,159
0,34,35,-167,157
0,38,38,-167,153
0,39,39,-132,155
0,39,40,-129,161
0,40,41,-127,162
0,39,39,-82,160
0,31,30,-79,160
0,29,29,-117,165
0,34,35,-138,164
0,39,40,-148,160
0,42,42,-121,162
0,38,37,-63,161
0,32,32,-62,163
0,30,30,-105,168
0,32,32,-142,173
0,39,39,-156,161
0,44,44,-142,160
0,42,42,-72,165
0,35,34,-35,165
0,33,32,-94,163
0,35,36,-129,168
0,42,42,-138,170
0,43,43,-88,162
0,38,38,-48,166
0,34,34,-39,166
0,37,37,-94,168
0,45,46,-122,176
0,47,46,-28,183
0,40,39,0,173
0,32,31,0,171
0,27,27,-72,172
0,33,34,-116,171
0,50,50,-146,170
0,46,45,0,165
0,43,43,88,169
0,39,39,21,176
0,38,38,-15,178
0,37,37,-111,168
0,46,46,-110,168
0,48,48,-75,176
0,47,47,15,177
0,45,45,55,167
0,45,45,50,168
0,46,46,50,178
0,47,48,19,176
0,48,48,46,169
0,46,47,56,172
0,44,44,44,178
0,45,45,29,171
0,45,45,15,170
0,46,46,0,170
0,46,45,0,167
0,47,47,0,175
0,49,49,14,174
0,50,50,73,172
0,47,47,107,169
0,46,46,72,163
0,47,47,44,173
0,50,51,21,168
0,49,49,92,169
0,39,38,95,173
0,26,25,0,171
0,18,17,-92,179
0,12,12,-164,170
0,13,13,-163,167
0,14,14,-176,173
0,14,14,-191,174
0,12,12,-189,168
0,12,12,-191,173
0,12,12,-187,178
0,13,13,-189,178
0,13,13,-190,167
0,13,13,-190,173
0,13,14,-191,172
0,15,15,-191,173
0,15,15,-186,176
0,14,14,-195,177
0,12,12,-198,176
0,11,11,-197,178
0,12,12,-193,174
0,13,13,-187,175
0,14,15,-194,172
0,15,15,-195,171
0,16,16,-194,174
0,18,19,-185,179
0,23,23,-188,177
0,29,29,-189,176
0,35,36,-189,179
0,41,42,-176,176
0,44,43,-125,187
0,40,40,-66,189
0,33,33,-57,187
0,28,27,-124,184
0,32,32,-160,182
0,39,39,-160,177
0,40,40,-128,169
0,34,33,-65,173
0,31,31,-112,178
0,36,37,-149,175
0,48,48,-159,177
0,49,49,-136,172
0,40,39,37,174
0,25,23,18,173
0,16,16,-58,173
0,23,23,-131,170
0,30,31,-163,176
0,40,41,-176,172
0,42,42,-161,171
0,42,42,-70,178
0,41,41,-57,181
0,41,41,-51,181
0,41,41,-56,175
0,39,39,-55,175
0,40,40,-67,171
0,43,43,-70,175
0,44,44,-56,176
0,43,42,-43,172
0,39,39,-43,170
0,36,36,-22,173
0,39,39,-95,172
0,46,47,-110,174
0,49,49,-78,171
0,46,46,0,168
0,44,44,60,172
0,38,38,53,176
0,38,38,-95,179
0,49,49,-115,177
0,49,49,-19,176
0,50,51,98,172
0,48,47,90,173
0,41,41,116,180
0,37,37,24,177
0,37,37,-82,176
0,38,38,-126,173
0,47,48,-123,172
0,51,51,-72,172
0,51,51,57,173
0,55,55,102,175
0,51,51,165,166
0,44,43,160,160
0,39,39,91,167
0,34,34,-23,168
0,38,39,-112,172
0,49,50,-123,172
0,53,53,-25,166
0,53,54,95,150
0,57,57,143,149
0,53,53,181,117
0,47,47,177,104
0,43,43,124,121
0,40,40,58,140
0,40,41,0,151
0,44,44,-69,162
0,48,49,-58,165
0,52,52,0,159
0,56,56,80,162
0,56,55,167,146
0,50,50,180,97
0,47,46,147,125
0,43,43,122,147
0,43,43,89,160
0,46,46,47,171
0,52,52,26,172
0,55,55,52,163
0,52,51,146,130
0,49,49,153,129
0,47,47,113,143
0,46,46,80,152
0,49,49,56,158
0,53,53,41,161
0,56,56,67,155
0,55,55,136,132
0,53,53,163,111
0,49,49,177,129
0,46,45,151,142
0,45,45,76,155
0,48,49,55,163
0,52,53,18,165
0,55,55,34,157
0,57,57,143,134
0,52,52,167,109
0,50,49,153,111
0,49,49,121,128
0,47,47,97,141
0,49,49,79,155
0,55,55,57,155
0,56,56,104,147
0,58,57,145,87
0,57,57,161,83
0,56,56,180,77
0,56,55,194,77
