0,0,71,0,0
0,0,71,0,-18
0,0,71,17,-82
0,0,71,156,-114
0,0,65,167,-120
0,0,64,183,-62
0,0,61,193,-46
0,0,57,187,-46
0,0,57,183,5
0,0,54,191,49
0,0,50,189,95
0,0,48,169,116
0,0,49,127,138
0,0,48,77,135
0,0,50,83,150
0,0,51,68,148
0,0,53,89,147
0,0,53,122,140
0,0,55,153,138
0,0,56,166,120
0,0,54,180,99
0,0,50,176,109
0,0,41,158,126
0,0,35,78,139
0,0,28,-27,141
0,0,23,-111,149
0,0,19,-173,147
0,0,21,-179,138
0,0,23,-184,146
0,0,30,-194,145
0,0,35,-198,143
0,0,37,-198,138
0,0,39,-194,143
0,0,45,-160,139
0,0,43,-89,139
0,0,37,-59,138
0,0,28,-56,140
0,0,23,-83,136
0,0,23,-126,140
0,0,27,-154,146
0,0,32,-174,146
0,0,35,-184,140
0,0,39,-187,144
0,0,44,-159,146
0,0,43,-94,151
0,0,38,-51,146
0,0,27,-61,147
0,0,24,-85,145
0,0,28,-140,153
0,0,32,-160,155
0,0,36,-180,152
0,0,39,-181,152
0,0,42,-164,151
0,0,44,-115,155
0,0,42,-71,153
0,0,36,-45,154
0,0,30,-70,150
0,0,28,-107,159
0,0,29,-132,162
0,0,34,-157,166
0,0,40,-167,155
0,0,43,-137,152
0,0,40,-66,152
0,0,33,-37,154
0,0,30,-61,146
0,0,33,-134,154
0,0,39,-145,150
0,0,44,-130,153
0,0,41,-77,149
0,0,36,-58,154
0,0,34,-91,151
0,0,37,-117,150
0,0,42,-138,153
0,0,45,-120,156
0,0,45,-67,155
0,0,40,-67,151
0,0,33,-18,152
0,0,33,-83,156
0,0,38,-125,155
0,0,43,-121,158
0,0,43,-78,155
0,0,42,-41,157
0,0,37,-30,156
0,0,36,-38,158
0,0,39,-73,159
0,0,42,-105,160
0,0,42,-80,161
0,0,42,-53,160
0,0,41,-41,162
0,0,40,-33,161
0,0,40,-31,166
0,0,41,-47,164
0,0,43,-58,162
0,0,43,-53,156
0,0,44,-38,157
0,0,42,-38,154
0,0,40,-15,155
0,0,41,-13,154
0,0,43,-33,160
0,0,44,-39,152
0,0,42,-17,152
0,0,42,-17,149
0,0,42,-5,150
0,0,40,-5,152
0,0,39,0,154
0,0,41,-48,154
0,0,43,-65,151
0,0,45,-57,157
0,0,44,-57,156
0,0,45,-5,153
0,0,43,-5,154
0,0,45,0,154
0,0,46,0,153
0,0,45,3,151
0,0,46,3,153
0,0,47,6,152
0,0,47,10,151
0,0,48,27,147
0,0,48,43,149
0,0,49,60,147
0,0,49,84,150
0,0,46,80,153
0,0,46,58,157
0,0,45,46,158
0,0,46,46,153
0,0,46,18,154
0,0,47,18,151
0,0,49,8,155
0,0,47,60,151
0,0,47,69,152
0,0,47,53,151
0,0,46,40,156
0,0,46,35,153
0,0,48,30,156
0,0,49,27,149
0,0,50,29,152
0,0,50,51,150
0,0,50,84,154
0,0,48,97,154
0,0,47,101,157
0,0,46,76,155
0,0,47,52,152
0,0,49,27,150
0,0,49,34,153
0,0,49,67,154
0,0,50,76,157
0,0,49,97,154
0,0,49,98,153
0,0,48,93,153
0,0,48,68,155
0,0,49,68,151
0,0,50,64,148
0,0,49,75,146
0,0,49,75,147
0,0,50,76,149
0,0,50,80,148
0,0,50,97,152
0,0,49,98,150
0,0,47,89,150
0,0,46,80,148
0,0,44,55,149
0,0,43,43,147
0,0,44,17,148
0,0,47,17,146
0,0,50,4,148
0,0,54,4,141
0,0,56,58,129
0,0,57,145,91
0,0,55,171,71
0,0,53,189,71
0,0,52,185,89
0,0,49,182,105
0,0,48,156,126
0,0,49,120,136
0,0,47,110,149
0,0,46,83,151
0,0,49,54,157
0,0,50,38,156
0,0,52,75,161
0,0,53,120,150
0,0,53,150,143
0,0,52,160,151
0,0,51,150,158
0,0,51,158,162
0,0,50,139,160
0,0,50,132,159
0,0,49,116,158
0,0,50,95,158
0,0,50,83,157
0,0,51,94,155
0,0,51,96,155
0,0,51,105,157
0,0,52,113,155
0,0,53,120,154
0,0,53,143,156
0,0,53,160,150
0,0,53,166,153
0,0,54,173,144
0,0,52,180,135
0,0,51,173,146
0,0,50,163,154
0,0,50,151,154
0,0,49,122,154
0,0,47,94,155
0,0,49,73,154
0,0,49,68,155
0,0,49,78,147
0,0,49,94,149
0,0,49,83,147
0,0,50,82,151
0,0,51,87,149
0,0,52,81,150
0,0,53,100,142
0,0,50,150,136
0,0,49,159,134
0,0,48,124,143
0,0,45,96,147
0,0,47,51,149
0,0,48,31,150
0,0,50,30,148
0,0,51,66,141
0,0,53,86,145
0,0,53,118,144
0,0,53,162,148
0,0,53,168,149
0,0,52,174,140
0,0,49,151,147
0,0,47,136,153
0,0,46,80,155
0,0,47,57,156
0,0,46,45,156
0,0,47,35,152
0,0,49,28,152
0,0,50,23,149
0,0,52,36,155
0,0,52,80,151
0,0,51,116,151
0,0,51,115,151
0,0,50,120,155
0,0,50,112,157
0,0,44,95,158
0,0,42,59,157
0,0,44,14,156
0,0,46,14,150
0,0,48,9,147
0,0,49,8,145
0,0,50,32,141
0,0,50,58,143
0,0,47,92,146
0,0,43,82,143
0,0,44,19,145
0,0,47,0,141
0,0,50,4,145
0,0,51,98,142
0,0,47,127,145
0,0,47,88,153
0,0,44,61,155
0,0,46,6,158
0,0,47,0,154
0,0,49,32,150
0,0,49,51,152
0,0,49,70,154
0,0,49,73,154
0,0,48,75,153
0,0,48,67,153
0,0,48,57,154
0,0,49,55,152
0,0,49,56,152
0,0,49,56,148
0,0,49,67,146
0,0,48,81,147
0,0,47,72,150
0,0,47,64,149
0,0,46,51,152
0,0,46,38,153
0,0,46,29,150
0,0,49,25,146
0,0,51,25,146
0,0,51,64,146
0,0,50,91,149
0,0,48,109,150
0,0,46,98,156
0,0,45,79,155
0,0,46,58,155
0,0,47,19,152
0,0,48,14,148
0,0,48,31,148
0,0,48,42,141
0,0,49,40,144
0,0,51,51,144
0,0,48,69,145
0,0,39,91,139
0,0,35,75,144
0,0,34,-42,147
0,0,37,-139,144
0,0,42,-144,138
0,0,50,-129,136
0,0,58,-115,144
0,0,59,26,124
0,0,59,72,63
0,0,59,160,63
0,0,45,173,20
0,0,41,142,49
0,0,37,81,87
0,0,35,0,103
0,0,37,-63,131
0,0,41,-153,135
0,0,48,-128,130
0,0,47,-128,136
0,0,49,0,143
0,0,52,28,152
0,0,54,98,141
0,0,54,147,133
0,0,42,158,129
0,0,36,121,140
0,0,32,-23,143
0,0,30,-119,152
0,0,36,-170,148
0,0,46,-158,144
0,0,47,-81,155
0,0,49,-23,157
0,0,48,35,151
0,0,46,63,148
0,0,45,64,158
0,0,45,47,158
0,0,45,47,150
0,0,44,18,143
0,0,44,17,148
0,0,44,4,153
0,0,45,4,155
0,0,45,5,148
0,0,45,-4,145
0,0,44,-4,146
0,0,45,0,149
0,0,47,4,149
0,0,49,3,148
0,0,49,21,143
0,0,44,68,148
0,0,42,53,150
0,0,42,22,147
0,0,41,0,148
0,0,43,-14,148
0,0,45,-23,149
0,0,48,-28,147
0,0,48,15,151
0,0,48,73,149
0,0,48,63,149
0,0,45,53,146
0,0,40,44,148
0,0,40,0,149
0,0,40,-59,154
0,0,39,-78,156
0,0,41,-98,155
0,0,46,-69,159
0,0,47,-21,159
0,0,49,20,157
0,0,52,69,153
0,0,52,113,153
0,0,48,146,156
0,0,43,145,153
0,0,40,95,151
0,0,38,95,149
0,0,40,-75,160
0,0,45,-99,151
0,0,49,-67,142
0,0,44,45,149
0,0,44,51,153
0,0,43,0,149
0,0,40,0,149
0,0,39,-26,149
0,0,39,-53,154
0,0,43,-79,150
0,0,46,-51,150
0,0,47,-16,149
0,0,47,0,151
0,0,45,41,145
0,0,44,50,148
0,0,45,19,148
0,0,43,19,149
0,0,43,0,143
0,0,43,-9,143
0,0,46,-8,140
0,0,48,0,139
0,0,49,30,137
0,0,50,67,141
0,0,49,87,140
0,0,48,94,142
0,0,52,74,144
0,0,34,94,151
0,0,29,77,146
0,0,29,0,149
0,0,28,-63,149
0,0,30,-164,148
0,0,39,-169,146
0,0,44,-160,146
0,0,46,-87,155
0,0,48,-87,149
0,0,44,-22,147
0,0,42,-6,148
0,0,41,-6,156
0,0,42,-3,154
0,0,42,-22,149
0,0,42,-32,146
0,0,42,-32,155
0,0,41,-15,156
0,0,41,-15,156
0,0,41,-7,147
0,0,40,-7,149
0,0,38,-2,152
0,0,38,-17,156
0,0,38,-68,157
0,0,40,-79,155
0,0,42,-75,154
0,0,42,-53,153
0,0,42,-41,152
0,0,42,-29,151
0,0,41,-29,150
0,0,40,-14,148
0,0,41,-11,148
0,0,43,-13,147
0,0,45,-13,150
0,0,47,-13,150
0,0,43,5,148
0,0,37,37,148
0,0,36,0,145
0,0,38,-71,143
0,0,46,-129,142
0,0,48,-67,150
0,0,48,27,150
0,0,50,84,146
0,0,51,95,144
0,0,46,131,154
0,0,40,93,152
0,0,32,72,145
0,0,31,-47,149
0,0,32,-139,157
0,0,39,-171,157
0,0,46,-160,149
0,0,50,-85,156
0,0,50,44,161
0,0,51,101,151
0,0,49,122,156
0,0,47,111,163
0,0,43,88,161
0,0,23,66,158
0,0,15,-56,158
0,0,14,-133,162
0,0,19,-167,154
0,0,25,-172,146
0,0,33,-184,153
0,0,42,-178,153
0,0,46,-120,150
0,0,46,-84,148
0,0,41,-84,156
0,0,37,-17,148
0,0,37,-96,151
0,0,40,-114,155
0,0,44,-110,152
0,0,44,-62,147
0,0,41,-20,145
0,0,40,-15,152
0,0,40,-12,154
0,0,42,-49,155
0,0,45,-53,152
0,0,47,-45,148
0,0,42,0,145
0,0,36,19,150
0,0,33,-87,156
0,0,38,-128,148
0,0,43,-125,148
0,0,46,-66,153
0,0,47,-66,150
0,0,48,-17,150
0,0,46,26,151
0,0,41,46,152
0,0,39,46,152
0,0,38,12,155
0,0,38,-66,152
0,0,41,-96,152
0,0,46,-106,151
0,0,46,-106,157
0,0,47,-106,155
0,0,46,7,152
0,0,43,53,151
0,0,38,13,159
0,0,32,-30,159
0,0,29,-105,152
0,0,31,-149,149
0,0,35,-167,153
0,0,44,-164,156
0,0,45,-91,158
0,0,42,-52,161
0,0,37,-16,153
0,0,34,-55,155
0,0,36,-74,160
0,0,41,-125,164
0,0,45,-95,162
0,0,47,-60,156
0,0,47,-22,155
0,0,47,15,158
0,0,44,35,161
0,0,41,35,158
0,0,38,0,152
0,0,32,-93,150
0,0,38,-121,150
0,0,43,-134,155
0,0,46,-72,157
0,0,46,-21,154
0,0,46,14,149
0,0,45,27,149
0,0,41,28,157
0,0,39,0,154
0,0,38,-69,156
0,0,41,-81,145
0,0,42,-63,156
0,0,43,-49,161
0,0,43,-40,154
0,0,42,-33,151
0,0,40,-13,150
0,0,38,-11,157
0,0,41,-47,154
0,0,44,-66,156
0,0,46,-66,159
0,0,45,-21,163
0,0,45,-6,164
0,0,43,4,160
0,0,43,4,161
0,0,42,3,159
0,0,42,0,159
0,0,43,0,162
0,0,45,-10,158
0,0,46,-4,158
0,0,42,-4,157
0,0,41,-6,154
0,0,42,-50,153
0,0,44,-42,150
0,0,45,-32,151
0,0,46,0,149
0,0,48,14,152
0,0,50,42,154
0,0,51,82,157
0,0,51,100,156
0,0,49,123,149
0,0,42,121,148
0,0,39,66,148
0,0,37,0,151
0,0,37,-98,155
0,0,42,-113,157
0,0,52,-114,149
0,0,56,-94,144
0,0,58,0,117
0,0,59,71,75
0,0,60,160,60
0,0,52,189,60
0,0,45,176,20
0,0,42,126,16
0,0,38,24,69
0,0,38,-46,90
0,0,46,-121,123
0,0,53,-77,123
0,0,56,64,103
0,0,62,135,99
0,0,63,176,72
0,0,61,188,23
0,0,63,193,23
0,0,63,203,5
0,0,63,210,5
0,0,61,207,0
0,0,62,209,0
0,0,64,203,-2
0,0,66,202,-2
0,0,69,201,-3
0,0,71,203,-43
0,0,74,197,-77
0,0,76,188,-101
0,0,78,195,-122
0,0,78,190,-120
0,0,77,186,-130
0,0,78,185,-132
0,0,79,176,-133
0,0,79,177,-133
0,0,79,182,-134
0,0,79,175,-136
0,0,79,172,-140
0,0,79,174,-143
0,0,78,174,-140
0,0,78,170,-140
0,0,78,169,-137
0,0,77,170,-139
0,0,78,165,-138
0,0,78,160,-140
0,0,78,163,-138
0,0,79,163,-137
0,0,79,160,-136
0,0,79,164,-134
0,0,79,166,-133
0,0,79,173,-130
0,0,79,176,-128
0,0,79,175,-132
0,0,79,174,-130
0,0,79,177,-131
0,0,79,179,-128
0,0,79,184,-133
0,0,79,177,-131
0,0,79,178,-136
0,0,80,180,-130
0,0,80,178,-132
0,0,80,179,-128
0,0,80,179,-129
0,0,80,176,-132
0,0,80,176,-130
0,0,80,174,-134
0,0,80,176,-127
0,0,80,178,-129
0,0,80,173,-129
0,0,81,179,-132
0,0,81,181,-128
0,0,82,186,-135
0,0,83,185,-132
0,0,83,184,-135
0,0,84,180,-130
0,0,84,186,-134
0,0,85,192,-131
0,0,85,180,-134
0,0,84,185,-135
0,0,84,184,-133
0,0,83,186,-135
0,0,82,191,-133
0,0,80,187,-135
0,0,79,190,-132
0,0,78,194,-137
0,0,76,199,-135
0,0,75,205,-135
0,0,72,205,-133
0,0,69,198,-136
0,0,66,192,-126
0,0,65,199,-88
0,0,65,194,-68
0,0,66,187,-48
0,0,67,184,-48
0,0,68,184,-17
0,0,69,180,-17
0,0,69,186,-7
0,0,70,185,-6
0,0,70,177,-6
0,0,70,179,-2
0,0,69,177,-15
0,0,68,180,-59
0,0,65,179,-76
0,0,61,174,-71
0,0,60,179,-71
0,0,58,182,-7
0,0,58,177,-7
0,0,57,177,0
0,0,56,174,0
0,0,55,172,3
0,0,53,173,6
0,0,51,168,74
0,0,48,157,114
0,0,47,97,143
0,0,50,63,152
0,0,51,53,152
0,0,51,91,161
0,0,54,92,164
0,0,57,114,160
0,0,60,140,129
0,0,62,155,93
0,0,62,157,84
0,0,60,166,22
0,0,55,174,22
0,0,50,163,12
0,0,46,135,85
0,0,45,80,111
0,0,45,52,133
0,0,47,52,147
0,0,49,19,153
0,0,49,17,158
0,0,49,44,158
0,0,49,55,162
0,0,49,56,164
0,0,49,56,161
0,0,50,49,161
0,0,49,71,159
0,0,48,77,164
0,0,46,71,162
0,0,46,50,162
0,0,46,38,167
0,0,47,38,165
0,0,48,11,165
0,0,49,11,158
0,0,48,26,161
0,0,47,49,159
0,0,45,50,158
0,0,45,41,160
0,0,46,41,157
0,0,49,16,159
0,0,49,13,154
0,0,48,32,154
0,0,43,65,149
0,0,38,23,151
0,0,37,-23,147
0,0,38,-97,154
0,0,41,-136,151
0,0,49,-123,153
0,0,51,-94,152
0,0,53,19,140
0,0,54,97,134
0,0,51,147,120
0,0,44,162,128
0,0,40,127,139
0,0,37,24,143
0,0,35,-89,152
0,0,36,-139,150
0,0,45,-162,146
0,0,50,-133,144
0,0,50,0,149
0,0,51,84,143
0,0,46,101,133
0,0,39,113,138
0,0,35,24,148
0,0,35,-49,148
0,0,34,-136,141
0,0,44,-133,145
0,0,48,-86,146
0,0,49,-21,146
0,0,49,17,140
0,0,45,69,138
0,0,44,69,145
0,0,45,56,152
0,0,45,56,143
0,0,44,5,136
0,0,43,5,133
0,0,42,0,141
0,0,41,-7,142
0,0,40,-41,142
0,0,39,-54,137
0,0,41,-76,140
0,0,45,-70,142
0,0,47,-56,147
0,0,47,0,144
0,0,46,37,142
0,0,41,36,141
0,0,40,36,149
0,0,42,0,149
0,0,45,-59,147
0,0,46,-59,144
0,0,42,16,151
0,0,37,29,152
0,0,32,-76,150
0,0,40,-124,148
0,0,46,-117,146
0,0,46,-29,146
0,0,47,21,143
0,0,47,32,145
0,0,50,26,147
0,0,51,44,154
0,0,51,101,144
0,0,47,135,137
0,0,34,121,144
0,0,28,0,146
0,0,25,-54,146
0,0,23,-155,146
0,0,31,-165,147
0,0,42,-163,143
0,0,48,-139,149
0,0,45,-121,145
0,0,39,0,133
0,0,32,0,134
0,0,33,-86,141
0,0,40,-114,147
0,0,47,-120,143
0,0,46,-86,146
0,0,44,0,143
0,0,41,15,144
0,0,42,10,148
0,0,43,-13,157
0,0,42,-26,155
0,0,38,-31,154
0,0,36,-23,155
0,0,33,-98,157
0,0,34,-122,161
0,0,41,-156,163
0,0,45,-135,160
0,0,45,-59,154
0,0,46,-19,158
0,0,48,-19,155
0,0,49,0,158
0,0,50,24,158
0,0,51,77,155
0,0,51,116,152
0,0,40,131,152
0,0,35,91,154
0,0,32,-49,151
0,0,30,-129,156
0,0,35,-169,158
0,0,43,-147,151
0,0,46,-67,153
0,0,48,-26,153
0,0,44,0,152
0,0,43,0,152
0,0,43,16,159
0,0,42,5,155
0,0,42,5,151
0,0,40,0,146
0,0,40,-13,152
0,0,41,-29,154
0,0,42,-39,150
0,0,44,-35,147
0,0,44,-35,145
0,0,44,-15,143
0,0,43,-7,146
0,0,43,-6,152
0,0,44,-6,150
0,0,44,-2,148
0,0,44,-2,148
0,0,44,-2,150
0,0,44,-2,150
0,0,44,-2,151
0,0,45,-2,148
0,0,44,0,151
0,0,43,0,153
0,0,45,0,156
0,0,45,0,153
0,0,46,3,152
0,0,46,3,152
0,0,48,17,151
0,0,50,32,153
0,0,51,81,152
0,0,50,102,155
0,0,46,121,157
0,0,47,86,154
0,0,45,56,152
0,0,44,40,154
0,0,47,40,156
0,0,48,17,156
0,0,48,13,151
0,0,47,31,156
0,0,49,46,154
0,0,49,43,152
0,0,50,72,148
0,0,52,79,149
0,0,52,94,144
0,0,52,132,135
0,0,51,137,137
0,0,48,138,142
0,0,42,133,141
0,0,35,70,149
0,0,32,-26,146
0,0,30,-87,148
0,0,30,-162,144
0,0,42,-166,140
0,0,50,-146,141
0,0,49,-27,148
0,0,51,79,144
0,0,45,73,137
0,0,39,97,144
0,0,38,0,153
0,0,37,-98,149
0,0,33,-114,140
0,0,35,-154,144
0,0,45,-145,150
0,0,46,-78,157
0,0,46,0,154
0,0,43,14,145
0,0,37,22,152
0,0,37,11,162
0,0,39,-58,161
0,0,45,-81,152
0,0,47,-63,156
0,0,51,-18,160
0,0,46,66,163
0,0,44,95,153
0,0,44,94,153
0,0,41,19,154
0,0,42,-13,152
0,0,44,-36,155
0,0,43,-37,148
0,0,43,-37,155
0,0,41,-15,155
0,0,40,-13,155
0,0,40,-59,153
0,0,42,-73,153
0,0,46,-70,154
0,0,48,-21,154
0,0,52,35,153
0,0,52,84,145
0,0,49,132,149
0,0,46,144,152
0,0,38,72,151
0,0,36,23,146
0,0,38,-93,143
0,0,40,-121,151
0,0,42,-98,152
0,0,46,-76,141
0,0,44,-76,138
0,0,42,-21,141
0,0,42,-17,143
0,0,45,-14,140
0,0,45,-3,143
0,0,45,0,146
0,0,38,9,144
0,0,36,0,149
0,0,42,-49,145
0,0,46,-94,142
0,0,45,-94,147
0,0,46,-8,153
0,0,48,-8,148
0,0,47,63,146
0,0,46,69,155
0,0,47,51,151
0,0,43,38,152
0,0,44,38,151
0,0,43,0,156
0,0,41,0,154
0,0,39,-5,152
0,0,41,-17,149
0,0,40,-84,151
0,0,37,-69,154
0,0,42,-96,155
0,0,45,-97,149
0,0,45,-26,152
0,0,45,0,156
0,0,46,0,156
0,0,44,5,153
0,0,45,15,155
0,0,46,14,157
0,0,45,7,152
0,0,44,17,150
0,0,45,4,152
0,0,43,4,155
0,0,43,0,153
0,0,45,-3,145
0,0,44,-3,148
0,0,45,-3,149
0,0,45,0,150
0,0,45,4,149
0,0,46,4,151
0,0,45,0,147
0,0,46,0,149
0,0,46,0,144
0,0,46,0,148
0,0,46,3,143
0,0,48,3,146
0,0,48,3,144
0,0,48,45,148
0,0,50,66,150
0,0,52,91,148
0,0,49,112,150
0,0,49,92,146
0,0,45,94,148
0,0,42,85,151
0,0,45,85,157
0,0,46,23,158
0,0,47,18,157
0,0,47,14,157
0,0,46,23,156
0,0,46,23,158
0,0,47,19,158
0,0,47,23,159
0,0,47,26,154
0,0,47,28,155
0,0,48,25,156
0,0,49,25,154
0,0,49,42,152
0,0,49,65,150
0,0,49,69,149
0,0,49,79,147
0,0,49,82,152
0,0,48,83,151
0,0,47,78,152
0,0,48,66,155
0,0,49,55,153
0,0,51,68,151
0,0,53,95,148
0,0,53,125,145
0,0,51,168,136
0,0,46,177,136
0,0,45,85,139
0,0,45,43,138
0,0,46,43,144
0,0,49,11,145
0,0,50,11,133
0,0,50,73,130
0,0,52,90,134
0,0,52,117,141
0,0,50,142,141
0,0,49,144,149
0,0,49,120,150
0,0,49,93,149
0,0,48,85,150
0,0,49,66,144
0,0,49,62,146
0,0,50,74,151
0,0,51,97,152
0,0,51,108,148
0,0,51,114,148
0,0,51,119,151
0,0,52,122,154
0,0,52,126,151
0,0,51,138,152
0,0,51,144,150
0,0,51,131,153
0,0,50,134,157
0,0,50,128,154
0,0,51,113,155
0,0,52,106,152
0,0,52,123,157
0,0,52,123,153
0,0,52,139,152
0,0,52,143,154
0,0,53,146,161
0,0,52,159,161
0,0,51,159,155
0,0,51,146,153
0,0,50,139,153
0,0,48,136,157
0,0,48,115,157
0,0,49,66,157
0,0,51,69,156
0,0,52,97,148
0,0,53,110,143
0,0,53,133,138
0,0,54,160,143
0,0,52,169,148
0,0,48,168,149
0,0,47,126,145
0,0,49,80,152
0,0,52,68,155
0,0,56,96,155
0,0,58,143,122
0,0,59,160,72
0,0,57,180,48
0,0,54,191,39
0,0,51,188,35
0,0,49,165,79
0,0,48,129,93
0,0,48,107,127
0,0,49,81,143
0,0,49,69,144
0,0,51,72,143
0,0,51,87,144
0,0,52,106,146
0,0,52,119,147
0,0,51,134,144
0,0,52,141,145
0,0,52,133,150
0,0,52,145,154
0,0,53,147,155
0,0,53,159,149
0,0,53,166,152
0,0,53,155,155
