0,0,56,15,0
0,0,55,127,2
0,0,52,156,12
0,0,49,164,98
0,0,47,139,125
0,0,48,87,141
0,0,47,65,142
0,0,49,52,148
0,0,51,80,148
0,0,52,96,151
0,0,52,108,152
0,0,52,125,156
0,0,52,136,156
0,0,52,142,156
0,0,51,149,159
0,0,51,134,157
0,0,51,136,160
0,0,51,133,155
0,0,51,115,160
0,0,51,130,162
0,0,51,138,165
0,0,52,126,163
0,0,52,124,163
0,0,52,143,163
0,0,52,145,163
0,0,53,148,167
0,0,54,169,165
0,0,54,172,164
0,0,55,175,147
0,0,54,186,143
0,0,53,194,133
0,0,52,189,146
0,0,51,186,150
0,0,51,165,153
0,0,50,149,160
0,0,51,141,165
0,0,51,128,165
0,0,53,133,166
0,0,53,146,166
0,0,53,159,158
0,0,53,164,161
0,0,52,169,161
0,0,52,167,167
0,0,52,158,165
0,0,52,150,170
0,0,52,155,164
0,0,51,151,169
0,0,50,137,169
0,0,49,130,167
0,0,45,94,165
0,0,38,72,157
0,0,29,56,157
0,0,24,-56,156
0,0,20,-135,155
0,0,17,-175,153
0,0,15,-176,149
0,0,14,-175,150
0,0,14,-189,150
0,0,12,-197,145
0,0,11,-193,146
0,0,10,-196,149
0,0,11,-198,153
0,0,11,-203,145
0,0,10,-198,146
0,0,9,-192,149
0,0,9,-193,150
0,0,9,-194,147
0,0,9,-197,142
0,0,9,-190,150
0,0,10,-193,154
0,0,10,-193,157
0,0,9,-196,154
0,0,9,-188,152
0,0,10,-188,154
0,0,10,-192,159
0,0,10,-190,167
0,0,10,-199,169
0,0,9,-194,164
0,0,10,-187,163
0,0,9,-194,165
0,0,9,-197,166
0,0,8,-195,172
0,0,9,-195,171
0,0,10,-196,170
0,0,10,-194,168
0,0,10,-199,168
0,0,10,-200,172
0,0,10,-197,170
0,0,9,-196,165
0,0,8,-202,165
0,0,8,-201,167
0,0,9,-198,169
0,0,9,-198,169
0,0,10,-199,168
0,0,11,-201,169
0,0,10,-203,169
0,0,9,-199,170
0,0,8,-205,173
0,0,9,-208,172
0,0,10,-203,174
0,0,10,-198,174
0,0,12,-204,175
0,0,15,-204,173
0,0,17,-205,176
0,0,20,-204,175
0,0,22,-201,179
0,0,26,-205,184
0,0,31,-207,184
0,0,36,-202,181
0,0,43,-177,177
0,0,45,-124,181
0,0,41,-71,179
0,0,34,-36,176
0,0,28,-94,171
0,0,29,-129,171
0,0,34,-148,174
0,0,40,-168,172
0,0,45,-137,170
0,0,47,-75,166
0,0,40,-75,167
0,0,32,-20,172
0,0,30,-77,170
0,0,31,-98,167
0,0,35,-148,168
0,0,42,-161,168
0,0,45,-123,167
0,0,43,-87,167
0,0,42,-39,172
0,0,38,-31,170
0,0,32,-26,166
0,0,33,-93,164
0,0,38,-130,166
0,0,44,-139,166
0,0,47,-86,171
0,0,46,-19,166
0,0,38,56,164
0,0,35,73,164
0,0,31,20,162
0,0,28,-44,161
0,0,35,-147,160
0,0,38,-155,159
0,0,42,-123,169
0,0,45,-92,167
0,0,45,-73,164
0,0,45,-42,162
0,0,43,-16,163
0,0,42,-16,163
0,0,41,-7,162
0,0,41,-7,162
0,0,41,-2,164
0,0,39,-2,164
0,0,40,-6,167
0,0,43,-25,159
0,0,43,-41,158
0,0,43,-41,161
0,0,44,-17,159
0,0,44,-5,160
0,0,42,-5,159
0,0,43,0,162
0,0,44,0,162
0,0,44,2,162
0,0,44,2,159
0,0,46,2,156
0,0,46,2,157
0,0,47,0,160
0,0,48,0,157
0,0,49,6,154
0,0,50,51,154
0,0,51,96,149
0,0,50,107,148
0,0,48,122,148
0,0,47,97,150
0,0,47,80,152
0,0,46,61,154
0,0,47,48,158
0,0,48,44,151
0,0,49,40,148
0,0,48,48,150
0,0,48,62,153
0,0,48,63,149
0,0,49,55,150
0,0,47,55,152
0,0,46,53,154
0,0,44,52,150
0,0,44,51,152
0,0,45,19,158
0,0,46,19,155
0,0,49,8,157
0,0,51,7,159
0,0,54,58,158
0,0,56,96,137
0,0,56,141,125
0,0,54,168,106
0,0,52,175,102
0,0,50,177,122
0,0,50,144,138
0,0,49,141,148
0,0,50,111,156
0,0,49,97,158
0,0,49,102,160
0,0,49,82,157
0,0,48,81,162
0,0,49,68,156
0,0,49,71,158
0,0,50,69,155
0,0,52,74,155
0,0,52,89,158
0,0,52,113,162
0,0,53,129,160
0,0,53,139,157
0,0,52,163,152
0,0,52,165,156
0,0,52,150,158
0,0,51,156,161
0,0,51,154,160
0,0,51,141,161
0,0,51,134,162
0,0,52,132,165
0,0,53,129,162
0,0,53,147,157
0,0,53,160,150
0,0,52,167,153
0,0,52,161,162
0,0,50,163,162
0,0,50,146,162
0,0,51,117,161
0,0,51,108,159
0,0,52,122,159
0,0,52,137,154
0,0,53,149,157
0,0,53,147,160
0,0,52,166,156
0,0,50,169,158
0,0,51,135,161
0,0,51,122,165
0,0,52,126,163
0,0,53,120,160
0,0,53,130,160
0,0,53,151,161
0,0,54,164,167
0,0,54,168,166
0,0,54,171,149
0,0,54,182,148
0,0,54,182,145
0,0,54,179,139
0,0,54,185,138
0,0,53,182,138
0,0,51,179,143
0,0,50,156,149
0,0,50,130,157
0,0,51,119,163
0,0,51,116,162
0,0,51,123,157
0,0,52,124,156
0,0,53,128,156
0,0,54,154,143
0,0,54,164,136
0,0,54,172,135
0,0,53,177,140
0,0,50,175,141
0,0,49,158,151
0,0,50,124,153
0,0,51,98,156
0,0,51,111,159
0,0,53,123,158
0,0,54,144,156
0,0,54,160,150
0,0,53,172,143
0,0,53,179,144
0,0,53,165,154
0,0,53,167,156
0,0,54,167,162
0,0,54,168,158
0,0,53,175,150
0,0,53,177,149
0,0,53,166,160
0,0,53,171,168
0,0,51,166,169
0,0,52,156,172
0,0,53,140,170
0,0,53,153,173
0,0,53,163,168
0,0,54,166,168
0,0,54,171,166
0,0,53,174,153
0,0,51,165,158
0,0,52,150,163
0,0,52,148,164
0,0,52,148,165
0,0,51,143,164
0,0,51,142,162
0,0,49,124,166
0,0,46,117,161
0,0,42,84,161
0,0,37,23,158
0,0,30,-49,158
0,0,26,-120,162
0,0,20,-167,160
0,0,19,-165,157
0,0,18,-168,159
0,0,17,-179,155
0,0,14,-193,147
0,0,13,-194,146
0,0,12,-191,152
0,0,11,-192,149
0,0,10,-195,145
0,0,9,-197,146
0,0,9,-197,145
0,0,9,-192,141
0,0,9,-190,146
0,0,9,-194,147
0,0,9,-197,149
0,0,9,-194,149
0,0,9,-191,153
0,0,9,-195,154
0,0,9,-194,157
0,0,9,-192,154
0,0,8,-192,148
0,0,8,-193,159
0,0,9,-195,163
0,0,9,-194,162
0,0,9,-199,158
0,0,9,-193,164
0,0,8,-198,166
0,0,9,-197,166
0,0,9,-199,167
0,0,9,-199,167
0,0,10,-198,164
0,0,9,-194,163
0,0,9,-193,167
0,0,9,-198,170
0,0,9,-197,168
0,0,9,-192,168
0,0,9,-194,168
0,0,9,-197,168
0,0,9,-193,172
0,0,9,-198,172
0,0,9,-195,169
0,0,8,-202,168
0,0,9,-203,167
0,0,11,-203,169
0,0,10,-200,167
0,0,9,-199,170
0,0,10,-207,173
0,0,11,-206,169
0,0,10,-202,170
0,0,9,-202,169
0,0,10,-205,168
0,0,11,-209,171
0,0,12,-204,169
0,0,12,-204,174
0,0,13,-204,175
0,0,16,-209,172
0,0,21,-205,172
0,0,26,-202,172
0,0,30,-206,176
0,0,34,-209,180
0,0,41,-207,184
0,0,46,-163,182
0,0,43,-85,182
0,0,38,-50,179
0,0,37,-69,178
0,0,34,-108,176
0,0,37,-145,173
0,0,44,-152,176
0,0,44,-72,177
0,0,37,-72,165
0,0,31,-28,164
0,0,32,-46,165
0,0,35,-129,165
0,0,42,-154,166
0,0,45,-121,168
0,0,45,-56,164
0,0,42,-43,164
0,0,38,-43,161
0,0,36,-26,165
0,0,38,-45,163
0,0,41,-105,163
0,0,43,-102,163
0,0,45,-73,159
0,0,42,-51,159
0,0,38,-27,162
0,0,38,-29,161
0,0,41,-85,157
0,0,42,-77,157
0,0,43,-63,156
0,0,43,-45,157
0,0,41,-33,156
0,0,40,-24,157
0,0,42,-23,160
0,0,43,-35,159
0,0,42,-35,155
0,0,41,-17,152
0,0,41,-15,152
0,0,40,-15,159
0,0,42,-22,159
0,0,42,-22,158
0,0,42,-34,156
0,0,42,-31,154
0,0,43,-29,156
0,0,44,-29,158
0,0,45,-4,160
0,0,44,-4,160
0,0,44,0,161
0,0,46,0,166
0,0,45,2,159
0,0,45,6,159
0,0,45,6,154
0,0,45,2,155
0,0,47,0,155
0,0,48,3,157
0,0,48,10,160
0,0,48,47,155
0,0,48,61,155
0,0,49,66,153
0,0,49,69,153
0,0,49,78,150
0,0,47,77,151
0,0,46,63,149
0,0,46,52,151
0,0,47,37,151
0,0,48,28,152
0,0,47,28,149
0,0,48,39,148
0,0,49,37,150
0,0,49,53,148
0,0,48,68,149
0,0,48,64,146
0,0,48,56,150
0,0,49,55,152
0,0,49,55,153
0,0,49,65,147
0,0,49,70,146
0,0,50,71,148
0,0,50,77,152
0,0,50,95,150
0,0,50,96,151
0,0,49,99,150
0,0,50,102,154
0,0,50,93,155
0,0,50,99,154
0,0,50,103,155
0,0,51,105,151
0,0,51,105,156
0,0,50,113,159
0,0,51,117,165
0,0,51,122,168
0,0,50,126,160
0,0,48,128,157
0,0,46,98,158
0,0,46,70,159
0,0,47,45,163
0,0,49,31,159
0,0,53,35,156
0,0,56,81,148
0,0,57,118,123
0,0,55,151,97
0,0,54,174,98
0,0,54,181,103
0,0,53,185,113
0,0,53,190,132
0,0,53,189,139
0,0,52,187,147
0,0,53,187,148
0,0,52,185,156
0,0,51,178,159
0,0,51,149,158
0,0,50,144,156
0,0,51,138,154
0,0,50,132,157
0,0,50,140,157
0,0,50,126,159
0,0,50,111,156
0,0,50,94,158
0,0,51,98,157
0,0,51,111,154
0,0,52,117,152
0,0,52,131,150
0,0,51,133,155
0,0,52,121,155
0,0,50,123,159
0,0,51,117,162
0,0,52,110,161
0,0,51,128,155
0,0,51,127,157
0,0,51,112,159
0,0,50,112,162
0,0,50,117,164
0,0,50,105,162
0,0,51,98,162
0,0,51,100,165
0,0,52,114,162
0,0,52,125,159
0,0,52,130,157
0,0,50,142,159
0,0,42,154,158
0,0,33,124,159
0,0,32,0,162
0,0,27,-108,161
0,0,22,-167,155
0,0,22,-173,151
0,0,23,-175,153
0,0,30,-190,159
0,0,35,-195,150
0,0,38,-191,146
0,0,40,-170,144
0,0,42,-149,149
0,0,42,-123,143
0,0,40,-71,140
0,0,34,-59,139
0,0,28,-95,144
0,0,28,-115,144
0,0,31,-145,144
0,0,36,-164,140
0,0,40,-170,140
0,0,42,-137,144
0,0,42,-112,149
0,0,35,-63,143
0,0,30,-92,142
0,0,31,-125,152
0,0,36,-149,152
0,0,40,-156,146
0,0,41,-120,147
0,0,39,-72,152
0,0,36,-77,160
0,0,34,-102,161
0,0,35,-138,157
0,0,40,-152,159
0,0,43,-123,166
0,0,41,-86,169
0,0,37,-51,168
0,0,32,-80,161
0,0,32,-101,163
0,0,35,-137,173
0,0,42,-155,169
0,0,44,-119,166
0,0,44,-67,161
0,0,38,-37,167
0,0,33,-31,165
0,0,34,-95,157
0,0,38,-139,158
0,0,43,-145,159
0,0,45,-74,157
0,0,42,-53,163
0,0,38,-16,163
0,0,36,-15,164
0,0,37,-72,160
0,0,40,-116,160
0,0,43,-112,159
0,0,43,-79,164
0,0,42,-51,161
0,0,40,-33,158
0,0,38,-28,161
0,0,40,-85,164
0,0,42,-97,159
0,0,44,-69,153
0,0,43,-57,152
0,0,42,-57,156
0,0,40,-20,157
0,0,39,-20,159
0,0,38,-11,158
0,0,40,-71,157
0,0,42,-85,151
0,0,43,-67,152
0,0,44,-44,154
0,0,44,-44,149
0,0,44,-16,151
0,0,44,-16,154
0,0,43,-7,158
0,0,43,-7,155
0,0,43,-3,153
0,0,43,-3,152
0,0,43,0,156
0,0,44,0,155
0,0,44,0,154
0,0,44,0,155
0,0,44,0,156
0,0,45,0,160
0,0,46,0,158
0,0,45,0,156
0,0,46,0,152
0,0,47,0,153
0,0,48,2,153
0,0,48,13,155
0,0,49,57,151
0,0,50,83,150
0,0,51,96,151
0,0,49,107,150
0,0,49,121,150
0,0,47,97,149
0,0,43,92,151
0,0,44,59,150
0,0,46,59,149
0,0,46,28,150
0,0,49,18,146
0,0,48,27,145
0,0,47,66,146
0,0,47,59,149
0,0,48,48,146
0,0,48,58,145
0,0,49,63,146
0,0,50,62,151
0,0,49,83,148
0,0,49,96,146
0,0,48,90,147
0,0,48,90,150
0,0,48,77,148
0,0,48,74,148
0,0,48,71,149
0,0,48,65,151
0,0,49,65,152
0,0,49,71,151
0,0,50,75,157
0,0,50,81,157
0,0,51,98,158
0,0,50,121,159
0,0,50,113,158
0,0,50,110,164
0,0,50,110,166
0,0,50,111,169
0,0,51,111,163
0,0,51,121,159
0,0,51,126,162
0,0,51,131,156
0,0,51,128,160
0,0,52,124,157
0,0,52,126,159
0,0,52,148,158
0,0,52,152,158
0,0,52,152,158
0,0,52,149,158
0,0,51,154,159
0,0,51,151,156
0,0,51,133,156
0,0,54,119,156
0,0,53,147,152
0,0,53,162,136
0,0,53,148,145
0,0,54,146,153
0,0,52,151,147
